-659.275715
-659.275715
-659.273623
-659.269440
-659.263165
-659.254799
-659.244341
-659.231792
-659.217151
-659.200418
-659.181594
-659.160678
-659.137671
-659.112572
-659.085381
-659.056099
-659.024725
-658.991260
-658.957794
-658.924329
-658.890864
-658.857399
-658.823933
-658.790468
-658.757003
-658.723537
-658.690072
-658.656607
-658.623141
-658.589676
-658.556211
-658.522745
-658.489280
-658.455815
-658.422349
-658.388884
-658.355419
-658.321953
-658.288488
-658.255023
-658.221558
-658.188092
-658.154627
-658.121162
-658.087696
-658.054231
-658.020766
-657.987300
-657.953835
-657.920370
-657.886904
-657.853439
-657.819974
-657.786508
-657.753043
-657.719578
-657.686112
-657.652647
-657.619182
-657.585717
-657.552251
-657.518786
-657.485321
-657.451855
-657.418390
-657.384925
-657.351459
-657.317994
-657.284529
-657.251063
-657.217598
-657.184133
-657.150667
-657.117202
-657.083737
-657.050271
-657.016806
-656.983341
-656.949876
-656.916410
-656.882945
-656.849480
-656.816014
-656.782549
-656.749084
-656.715618
-656.682153
-656.648688
-656.615222
-656.581757
-656.548292
-656.514826
-656.481361
-656.447896
-656.414430
-656.380965
-656.347500
-656.314035
-656.280569
-656.247104
-656.213639
-656.180173
-656.146708
-656.113243
-656.079777
-656.046312
-656.012847
-655.979381
-655.945916
-655.912451
-655.878985
-655.845520
-655.812055
-655.778589
-655.745176
-655.711813
-655.678502
-655.645243
-655.612034
-655.578878
-655.545772
-655.512719
-655.479716
-655.446765
-655.413866
-655.381018
-655.348221
-655.315476
-655.282782
-655.250139
-655.217548
-655.185009
-655.152521
-655.120084
-655.087699
-655.055365
-655.023083
-654.990852
-654.958672
-654.926544
-654.894468
-654.862443
-654.830469
-654.798547
-654.766676
-654.734856
-654.703037
-654.671217
-654.639398
-654.607579
-654.575759
-654.543940
-654.512120
-654.480301
-654.448481
-654.416662
-654.384842
-654.353023
-654.321204
-654.289384
-654.257565
-654.225745
-654.193926
-654.162106
-654.130287
-654.098467
-654.066648
-654.034829
-654.003009
-653.971190
-653.939370
-653.907551
-653.875731
-653.843912
-653.812092
-653.780273
-653.748454
-653.716634
-653.684815
-653.652995
-653.621176
-653.589356
-653.557537
-653.525718
-653.493898
-653.462079
-653.430259
-653.398440
-653.366620
-653.334801
-653.302981
-653.271162
-653.239343
-653.207523
-653.175704
-653.143884
-653.112065
-653.080245
-653.048426
-653.016606
-652.984787
-652.952968
-652.921148
-652.889329
-652.857509
-652.825690
-652.793870
-652.762051
-652.730231
-652.698412
-652.666593
-652.634773
-652.602954
-652.571134
-652.539315
-652.507495
-652.475676
-652.443856
-652.412037
-652.380218
-652.348398
-652.316579
-652.284759
-652.252940
-652.221120
-652.189301
-652.157482
-652.125662
-652.093843
-652.062023
-652.030204
-651.998384
-651.966565
-651.934745
-651.902926
-651.871107
-651.839287
-651.807468
-651.775648
-651.743829
-651.712009
-651.680190
-651.648361
-651.616523
-651.584676
-651.552820
-651.520954
-651.489079
-651.457195
-651.425301
-651.393399
-651.361487
-651.329565
-651.297635
-651.265695
-651.233746
-651.201788
-651.169821
-651.137844
-651.105858
-651.073863
-651.041858
-651.009845
-650.977822
-650.945790
-650.913748
-650.881697
-650.849637
-650.817568
-650.785490
-650.753402
-650.721305
-650.689199
-650.657083
-650.624968
-650.592852
-650.560737
-650.528622
-650.496506
-650.464391
-650.432275
-650.400160
-650.368044
-650.335929
-650.303813
-650.271698
-650.239582
-650.207467
-650.175351
-650.143236
-650.111121
-650.079005
-650.046890
-650.014774
-649.982659
-649.950543
-649.918428
-649.886312
-649.854197
-649.822081
-649.789966
-649.757850
-649.725735
-649.693620
-649.661504
-649.629389
-649.597273
-649.565158
-649.533042
-649.500927
-649.468811
-649.436696
-649.404580
-649.372465
-649.340349
-649.308234
-649.276119
-649.244003
-649.211888
-649.179772
-649.147657
-649.115541
-649.083426
-649.051310
-649.019195
-648.987079
-648.954964
-648.922848
-648.890733
-648.858618
-648.826502
-648.794387
-648.762271
-648.730156
-648.698040
-648.665925
-648.633809
-648.601694
-648.569578
-648.537463
-648.505347
-648.473232
-648.441117
-648.409001
-648.376886
-648.344770
-648.312655
-648.280539
-648.248424
-648.216308
-648.184193
-648.152077
-648.119962
-648.087846
-648.055731
-648.023616
-647.991500
-647.959385
-647.927269
-647.895154
-647.863038
-647.830923
-647.798807
-647.766692
-647.734576
-647.702461
-647.670345
-647.638230
-647.606115
-647.573999
-647.542708
-647.512241
-647.482599
-647.453781
-647.425788
-647.398619
-647.372274
-647.346754
-647.322059
-647.298187
-647.275140
-647.252918
-647.231520
-647.210946
-647.191197
-647.172272
-647.154172
-647.136896
-647.120445
-647.104817
-647.090015
-647.076036
-647.062883
-647.050553
-647.039048
-647.028367
-647.018511
-647.009479
-647.001272
-646.993889
-646.987331
-646.981596
-646.975862
-646.970128
-646.964394
-646.958660
-646.952926
-646.947192
-646.941458
-646.935724
-646.929989
-646.924255
-646.918521
-646.912787
-646.907053
-646.901319
-646.895585
-646.889851
-646.884117
-646.878382
-646.872648
-646.866914
-646.861180
-646.855446
-646.849712
-646.843978
-646.838244
-646.832510
-646.826775
-646.821041
-646.815307
-646.809573
-646.803839
-646.798105
-646.792371
-646.786637
-646.780902
-646.775168
-646.769434
-646.763700
-646.757966
-646.752232
-646.746498
-646.740764
-646.735030
-646.729295
-646.723561
-646.717827
-646.712093
-646.706359
-646.700625
-646.694891
-646.689157
-646.683423
-646.677688
-646.671954
-646.666220
-646.660486
-646.654752
-646.649018
-646.643284
-646.637550
-646.631815
-646.626081
-646.620347
-646.614613
-646.608879
-646.603145
-646.597411
-646.591677
-646.585943
-646.580208
-646.574474
-646.568740
-646.563006
-646.557272
-646.551538
-646.545804
-646.540070
-646.534336
-646.528601
-646.522867
-646.517133
-646.511399
-646.505665
-646.499931
-646.494197
-646.488463
-646.482729
-646.476994
-646.471260
-646.465526
-646.459792
-646.454058
-646.448324
-646.442590
-646.436856
-646.431121
-646.425663
-646.420479
-646.415571
-646.410938
-646.406580
-646.402498
-646.398691
-646.395159
-646.391903
-646.388922
-646.386216
-646.383785
-646.381630
-646.379750
-646.378146
-646.376816
-646.375762
-646.374984
-646.374480
-646.374252
-646.374299
-646.374622
-646.375219
-646.376092
-646.377241
-646.378664
-646.380363
-646.382338
-646.384587
-646.387112
-646.389912
-646.392988
-646.396063
-646.399139
-646.402214
-646.405290
-646.408365
-646.411440
-646.414516
-646.417591
-646.420667
-646.423742
-646.426818
-646.429893
-646.432969
-646.436044
-646.439120
-646.442195
-646.445270
-646.448346
-646.451421
-646.454497
-646.457572
-646.460648
-646.463723
-646.466799
-646.469874
-646.472950
-646.476025
-646.479100
-646.482176
-646.485251
-646.488327
-646.491402
-646.494478
-646.497553
-646.500629
-646.503704
-646.506780
-646.509855
-646.512931
-646.516006
-646.519081
-646.522157
-646.525232
-646.528308
-646.531383
-646.534459
-646.537534
-646.540610
-646.543685
-646.546761
-646.549836
-646.552911
-646.555987
-646.559062
-646.562138
-646.565213
-646.568289
-646.571364
-646.574440
-646.577515
-646.580591
-646.583666
-646.586741
-646.589817
-646.592892
-646.595968
-646.599043
-646.602119
-646.605194
-646.608270
-646.611345
-646.614421
-646.617496
-646.620571
-646.623647
-646.626722
-646.629798
-646.632873
-646.635949
-646.639024
-646.642100
-646.645175
-646.648251
-646.651326
-646.654401
-646.657477
-646.660552
-646.663628
-646.666703
-646.669779
-646.672854
-646.675930
-646.679005
-646.682081
-646.685156
-646.688231
-646.691364
-646.694553
-646.697800
-646.701103
-646.704464
-646.707881
-646.711355
-646.714887
-646.718475
-646.722120
-646.725822
-646.729582
-646.733398
-646.737271
-646.741201
-646.745189
-646.749233
-646.753334
-646.757492
-646.761707
-646.765979
-646.770308
-646.774695
-646.779138
-646.783638
-646.788195
-646.792809
-646.797480
-646.802208
-646.806993
-646.811835
-646.816734
-646.821633
-646.826531
-646.831430
-646.836329
-646.841228
-646.846127
-646.851026
-646.855925
-646.860824
-646.865723
-646.870622
-646.875521
-646.880420
-646.885319
-646.890218
-646.895117
-646.900016
-646.904915
-646.909813
-646.914712
-646.919611
-646.924510
-646.929409
-646.934308
-646.939207
-646.944106
-646.949005
-646.953904
-646.958803
-646.963702
-646.968601
-646.973500
-646.978399
-646.983298
-646.988197
-646.993095
-646.997994
-647.002893
-647.007792
-647.012691
-647.017590
-647.022489
-647.027388
-647.032287
-647.037186
-647.042085
-647.046984
-647.051883
-647.056782
-647.061681
-647.066580
-647.071479
-647.076378
-647.081276
-647.086175
-647.091074
-647.095973
-647.100872
-647.105771
-647.110670
-647.115569
-647.120468
-647.125367
-647.130266
-647.135165
-647.140064
-647.144963
-647.149862
-647.154761
-647.159660
-647.164558
-647.169457
-647.174356
-647.179255
-647.184154
-647.189053
-647.193952
-647.198851
-647.203750
-647.208649
-647.213548
-647.218447
-647.223346
-647.228245
-647.233144
-647.238043
-647.242942
-647.247840
-647.252739
-647.257638
-647.262537
-647.267436
-647.272335
-647.277234
-647.282133
-647.287032
-647.292362
-647.298122
-647.304313
-647.310935
-647.317987
-647.325471
-647.333384
-647.341729
-647.350504
-647.359710
-647.369347
-647.379415
-647.389913
-647.400842
-647.412201
-647.423992
-647.436213
-647.448864
-647.461947
-647.475460
-647.489404
-647.503778
-647.518584
-647.533820
-647.549486
-647.565584
-647.582112
-647.599071
-647.616460
-647.634280
-647.652531
-647.671213
-647.689895
-647.708576
-647.727258
-647.745940
-647.764621
-647.783303
-647.801985
-647.820666
-647.839348
-647.858030
-647.876711
-647.895393
-647.914075
-647.932756
-647.951438
-647.970119
-647.988801
-648.007483
-648.026164
-648.044846
-648.063528
-648.082209
-648.100891
-648.119573
-648.138254
-648.156936
-648.175618
-648.194299
-648.212981
-648.231663
-648.250344
-648.269026
-648.287708
-648.306389
-648.325071
-648.343753
-648.362434
-648.381116
-648.399798
-648.418479
-648.437161
-648.455843
-648.474524
-648.493206
-648.511888
-648.530569
-648.549251
-648.567932
-648.586614
-648.605296
-648.623977
-648.642659
-648.661341
-648.680022
-648.698704
-648.717386
-648.736067
-648.754749
-648.773431
-648.792112
-648.810794
-648.829476
-648.848157
-648.866839
-648.885521
-648.904202
-648.922884
-648.941566
-648.960247
-648.978929
-648.997611
-649.016292
-649.034974
-649.053656
-649.072337
-649.091019
-649.109701
-649.128382
-649.147064
-649.165746
-649.184427
-649.203109
-649.221790
-649.240472
-649.259154
-649.277835
-649.296517
-649.315199
-649.333880
-649.352562
-649.371244
-649.389925
-649.408607
-649.427289
-649.445970
-649.464652
-649.483276
-649.501841
-649.520348
-649.538798
-649.557189
-649.575522
-649.593797
-649.612014
-649.630173
-649.648273
-649.666316
-649.684301
-649.702227
-649.720095
-649.737906
-649.755658
-649.773352
-649.790988
-649.808566
-649.826085
-649.843547
-649.860951
-649.878296
-649.895584
-649.912813
-649.929984
-649.947097
-649.964152
-649.981149
-649.998088
-650.014969
-650.031791
-650.048614
-650.065437
-650.082259
-650.099082
-650.115905
-650.132727
-650.149550
-650.166373
-650.183195
-650.200018
-650.216841
-650.233663
-650.250486
-650.267308
-650.284131
-650.300954
-650.317776
-650.334599
-650.351422
-650.368244
-650.385067
-650.401890
-650.418712
-650.435535
-650.452358
-650.469180
-650.486003
-650.502826
-650.519648
-650.536471
-650.553293
-650.570116
-650.586939
-650.603761
-650.620584
-650.637407
-650.654229
-650.671052
-650.687875
-650.704697
-650.721520
-650.738343
-650.755165
-650.771988
-650.788811
-650.805633
-650.822456
-650.839279
-650.856101
-650.872924
-650.889746
-650.906569
-650.923392
-650.940214
-650.957037
-650.973860
-650.990682
-651.007505
-651.024328
-651.041150
-651.057973
-651.074796
-651.091618
-651.108441
-651.125264
-651.142086
-651.158909
-651.175731
-651.192554
-651.209377
-651.226199
-651.243022
-651.259845
-651.276667
-651.293490
-651.310313
-651.327135
-651.343958
-651.360781
-651.377603
-651.394426
-651.411249
-651.428071
-651.444894
-651.461716
-651.478539
-651.495362
-651.512184
-651.529007
-651.545830
-651.562652
-651.579475
-651.596298
-651.613120
-651.629943
-651.646766
-651.664063
-651.681835
-651.700082
-651.718804
-651.738000
-651.757671
-651.777817
-651.798438
-651.819533
-651.841103
-651.863148
-651.885667
-651.908662
-651.932131
-651.956074
-651.980493
-652.005386
-652.030754
-652.056597
-652.082915
-652.109707
-652.136974
-652.164716
-652.192932
-652.221623
-652.250789
-652.280430
-652.310545
-652.341136
-652.372201
-652.403740
-652.435755
-652.467769
-652.499783
-652.531798
-652.563812
-652.595827
-652.627841
-652.659856
-652.691870
-652.723884
-652.755899
-652.787913
-652.819928
-652.851942
-652.883956
-652.915971
-652.947985
-652.980000
-653.012014
-653.044029
-653.076043
-653.108057
-653.140072
-653.172086
-653.204101
-653.236115
-653.268130
-653.300144
-653.332158
-653.364173
-653.396187
-653.428202
-653.460216
-653.492230
-653.524245
-653.556259
-653.588274
-653.620288
-653.652303
-653.684317
-653.716331
-653.748346
-653.780360
-653.812375
-653.844389
-653.876404
-653.908418
-653.940432
-653.972447
-654.004461
-654.036476
-654.068490
-654.100504
-654.132519
-654.164533
-654.196548
-654.228562
-654.260577
-654.292591
-654.324605
-654.356620
-654.388634
-654.420649
-654.452663
-654.484678
-654.516692
-654.548706
-654.580721
-654.612735
-654.644750
-654.676764
-654.708778
-654.740793
-654.772807
-654.804822
-654.836836
-654.868851
-654.900865
-654.932879
-654.964894
-654.996908
-655.028923
-655.060937
-655.092952
-655.124966
-655.156980
-655.188995
-655.221009
-655.253024
-655.285038
-655.317052
-655.349067
-655.381081
-655.413096
-655.445110
-655.477125
-655.509139
-655.541424
-655.573980
-655.606807
-655.639905
-655.673274
-655.706914
-655.740824
-655.775005
-655.809457
-655.844180
-655.879174
-655.914439
-655.949975
-655.985781
-656.021858
-656.058207
-656.094826
-656.131715
-656.168876
-656.206308
-656.244010
-656.281984
-656.320228
-656.358743
-656.397529
-656.436585
-656.475913
-656.515511
-656.555381
-656.595521
-656.635932
-656.676614
-656.717296
-656.757978
-656.798660
-656.839341
-656.880023
-656.920705
-656.961387
-657.002069
-657.042751
-657.083433
-657.124115
-657.164797
-657.205479
-657.246160
-657.286842
-657.327524
-657.368206
-657.408888
-657.449570
-657.490252
-657.530934
-657.571616
-657.612298
-657.652979
-657.693661
-657.734343
-657.775025
-657.815707
-657.856389
-657.897071
-657.937753
-657.978435
-658.019117
-658.059799
-658.100480
-658.141162
-658.181844
-658.222526
-658.263208
-658.303890
-658.344572
-658.385254
-658.425936
-658.466618
-658.507299
-658.547981
-658.588663
-658.629345
-658.670027
-658.710709
-658.751391
-658.792073
-658.832755
-658.873437
-658.914118
-658.954800
-658.995482
-659.036164
-659.076846
-659.117528
-659.158210
-659.198892
-659.239574
-659.280256
-659.320937
-659.361619
-659.402301
-659.442983
-659.483665
-659.524347
-659.565029
-659.605711
-659.646393
-659.687075
-659.727756
-659.768438
-659.809120
-659.849802
-659.890484
-659.931166
-659.971848
-660.012530
-660.053212
-660.093894
-660.134575
-660.175257
-660.215939
-660.256621
-660.297303
-660.337985
-660.378667
-660.419349
-660.460031
-660.500713
-660.541394
-660.582076
-660.623415
-660.665409
-660.708061
-660.751368
-660.795332
-660.839953
-660.885230
-660.931163
-660.977753
-661.024999
-661.072901
-661.121460
-661.170676
-661.220548
-661.271076
-661.322261
-661.374102
-661.426599
-661.479753
-661.533564
-661.588031
-661.643154
-661.698934
-661.755370
-661.812462
-661.870211
-661.928617
-661.987678
-662.047397
-662.107771
-662.168802
-662.230490
-662.292177
-662.353865
-662.415552
-662.477240
-662.538927
-662.600615
-662.662302
-662.723990
-662.785677
-662.847365
-662.909053
-662.970740
-663.032428
-663.094115
-663.155803
-663.217490
-663.279178
-663.340865
-663.402553
-663.464240
-663.525928
-663.587615
-663.649303
-663.710990
-663.772678
-663.834365
-663.896053
-663.957740
-664.019428
-664.081115
-664.142803
-664.204490
-664.266178
-664.327865
-664.389553
-664.451240
-664.512928
-664.574615
-664.636303
-664.697991
-664.759678
-664.821366
-664.883053
-664.944741
-665.006428
-665.068116
-665.129803
-665.191491
-665.253178
-665.314866
-665.376553
-665.438241
-665.499928
-665.561616
-665.623303
-665.684991
-665.746678
-665.808366
-665.870053
-665.931741
-665.993428
-666.055116
-666.116803
-666.178491
-666.240178
-666.301866
-666.363553
-666.425241
-666.486928
-666.548616
-666.610304
-666.671991
-666.733679
-666.795366
-666.857054
-666.918741
-666.980429
-667.042116
-667.103804
-667.165491
-667.227179
-667.288866
-667.350554
-667.412241
-667.473929
-667.535616
-667.597304
-667.658991
-667.720679
-667.782366
-667.844054
-667.905741
-667.967429
-668.029116
-668.090804
-668.152491
-668.213658
-668.274302
-668.334426
-668.394028
-668.453109
-668.511668
-668.569706
-668.627222
-668.684218
-668.740691
-668.796644
-668.852075
-668.906985
-668.961373
-669.015240
-669.068586
-669.121410
-669.173713
-669.225495
-669.276755
-669.327494
-669.377711
-669.427407
-669.476582
-669.525235
-669.573367
-669.620978
-669.668067
-669.714635
-669.760682
-669.806207
-669.851211
-669.896214
-669.941218
-669.986222
-670.031226
-670.076230
-670.121233
-670.166237
-670.211241
-670.256245
-670.301249
-670.346252
-670.391256
-670.436260
-670.481264
-670.526268
-670.571271
-670.616275
-670.661279
-670.706283
-670.751287
-670.796290
-670.841294
-670.886298
-670.931302
-670.976306
-671.021309
-671.066313
-671.111317
-671.156321
-671.201325
-671.246328
-671.291332
-671.336336
-671.381340
-671.426344
-671.471347
-671.516351
-671.561355
-671.606359
-671.651363
-671.696366
-671.741370
-671.786374
-671.831378
-671.876382
-671.921385
-671.966389
-672.011393
-672.056397
-672.101401
-672.146404
-672.191408
-672.236412
-672.281416
-672.326420
-672.371423
-672.416427
-672.461431
-672.506435
-672.551439
-672.596442
-672.641446
-672.686450
-672.731454
-672.776458
-672.821461
-672.866465
-672.911469
-672.956473
-673.001477
-673.046480
-673.091484
-673.136488
-673.181492
-673.226496
-673.271499
-673.316503
-673.361507
-673.406511
-673.451515
-673.496518
-673.541522
-673.586526
-673.631530
-673.676534
-673.721537
-673.766541
-673.811545
-673.856549
-673.901553
-673.946556
-673.991560
-674.036564
-674.081568
-674.126572
-674.171575
-674.216703
-674.261955
-674.307331
-674.352830
-674.398454
-674.444201
-674.490073
-674.536068
-674.582188
-674.628431
-674.674799
-674.721290
-674.767905
-674.814644
-674.861508
-674.908495
-674.955606
-675.002841
-675.050200
-675.097683
-675.145290
-675.193021
-675.240875
-675.288854
-675.336957
-675.385184
-675.433534
-675.482009
-675.530608
-675.579330
-675.628177
-675.677147
-675.726118
-675.775088
-675.824059
-675.873029
-675.922000
-675.970970
-676.019941
-676.068911
-676.117881
-676.166852
-676.215822
-676.264793
-676.313763
-676.362734
-676.411704
-676.460675
-676.509645
-676.558616
-676.607586
-676.656557
-676.705527
-676.754498
-676.803468
-676.852439
-676.901409
-676.950380
-676.999350
-677.048321
-677.097291
-677.146261
-677.195232
-677.244202
-677.293173
-677.342143
-677.391114
-677.440084
-677.489055
-677.538025
-677.586996
-677.635966
-677.684937
-677.733907
-677.782878
-677.831848
-677.880819
-677.929789
-677.978760
-678.027730
-678.076701
-678.125671
-678.174641
-678.223612
-678.272582
-678.321553
-678.370523
-678.419494
-678.468464
-678.517435
-678.566405
-678.615376
-678.664346
-678.713317
-678.762287
-678.811258
-678.860228
-678.909199
-678.958169
-679.007140
-679.056110
-679.105080
-679.154051
-679.203021
-679.251992
-679.300962
-679.349933
-679.398903
-679.447874
-679.496844
-679.545815
-679.594785
-679.643756
-679.692726
-679.741697
-679.790667
-679.839638
-679.888608
-679.937579
-679.986549
-680.035520
-680.084490
-680.133460
-680.182431
-680.231401
-680.280372
-680.329342
-680.378313
-680.427185
-680.475957
-680.524631
-680.573207
-680.621683
-680.670061
-680.718340
-680.766520
-680.814601
-680.862584
-680.910467
-680.958252
-681.005939
-681.053526
-681.101014
-681.148404
-681.195695
-681.242887
-681.289980
-681.336975
-681.383871
-681.430668
-681.477366
-681.523965
-681.570466
-681.616868
-681.663170
-681.709375
-681.755480
-681.801487
-681.847394
-681.893203
-681.939012
-681.984821
-682.030630
-682.076439
-682.122248
-682.168057
-682.213866
-682.259675
-682.305484
-682.351293
-682.397102
-682.442911
-682.488720
-682.534529
-682.580338
-682.626147
-682.671956
-682.717765
-682.763574
-682.809383
-682.855192
-682.901001
-682.946810
-682.992619
-683.038428
-683.084237
-683.130046
-683.175855
-683.221664
-683.267473
-683.313282
-683.359091
-683.404900
-683.450709
-683.496517
-683.542326
-683.588135
-683.633944
-683.679753
-683.725562
-683.771371
-683.817180
-683.862989
-683.908798
-683.954607
-684.000416
-684.046225
-684.092034
-684.137843
-684.183652
-684.229461
-684.275270
-684.321079
-684.366888
-684.412697
-684.458506
-684.504315
-684.550124
-684.595933
-684.641742
-684.687551
-684.733360
-684.779169
-684.824978
-684.870787
-684.916596
-684.962405
-685.008214
-685.054023
-685.099832
-685.145641
-685.191450
-685.237259
-685.283068
-685.328877
-685.374686
-685.420494
-685.466303
-685.512112
-685.557921
-685.603730
-685.649539
-685.695348
-685.741157
-685.786966
-685.832775
-685.878584
-685.924393
-685.970202
-686.016011
-686.061820
-686.107629
-686.153438
-686.199247
-686.245056
-686.290865
-686.335717
-686.379613
-686.422553
-686.464536
-686.505562
-686.545632
-686.584745
-686.622902
-686.660103
-686.696346
-686.731634
-686.765964
-686.799339
-686.831756
-686.863218
-686.893722
-686.923271
-686.951862
-686.979497
-687.006176
-687.031898
-687.056664
-687.080473
-687.103326
-687.125222
-687.146161
-687.166144
-687.185171
-687.203241
-687.220354
-687.236511
-687.251712
-687.266912
-687.282113
-687.297313
-687.312514
-687.327714
-687.342914
-687.358115
-687.373315
-687.388516
-687.403716
-687.418917
-687.434117
-687.449318
-687.464518
-687.479719
-687.494919
-687.510119
-687.525320
-687.540520
-687.555721
-687.570921
-687.586122
-687.601322
-687.616523
-687.631723
-687.646924
-687.662124
-687.677324
-687.692525
-687.707725
-687.722926
-687.738126
-687.753327
-687.768527
-687.783728
-687.798928
-687.814129
-687.829329
-687.844529
-687.859730
-687.874930
-687.890131
-687.905331
-687.920532
-687.935732
-687.950933
-687.966133
-687.981334
-687.996534
-688.011734
-688.026935
-688.042135
-688.057336
-688.072536
-688.087737
-688.102937
-688.118138
-688.133338
-688.148539
-688.163739
-688.178939
-688.194140
-688.209340
-688.224541
-688.239741
-688.254942
-688.270142
-688.285343
-688.300543
-688.315744
-688.330944
-688.346144
-688.361345
-688.376545
-688.391746
-688.406946
-688.422147
-688.437347
-688.452548
-688.467748
-688.482949
-688.498149
-688.513350
-688.528550
-688.543750
-688.558951
-688.574151
-688.589352
-688.604552
-688.619753
-688.634953
-688.650154
-688.665354
-688.680555
-688.695755
-688.710005
-688.723306
-688.735656
-688.747057
-688.757507
-688.767007
-688.775557
-688.783158
-688.789808
-688.795508
-688.800258
-688.804058
-688.806908
-688.808808
-688.809758
